name: MMDGAN
channels:
  - defaults
dependencies:
  - _libgcc_mutex=0.1=main
  - backports=1.0=py_2
  - backports.weakref=1.0rc1=py36_0
  - blas=1.0=mkl
  - bleach=1.5.0=py36_0
  - ca-certificates=2019.11.27=0
  - certifi=2019.11.28=py36_0
  - cudatoolkit=8.0=3
  - cudnn=6.0.21=cuda8.0_0
  - html5lib=0.9999999=py36_0
  - intel-openmp=2019.4=243
  - libedit=3.1.20181209=hc058e9b_0
  - libffi=3.2.1=hd88cf55_4
  - libgcc=7.2.0=h69d50b8_2
  - libgcc-ng=9.1.0=hdf63c60_0
  - libgfortran-ng=7.3.0=hdf63c60_0
  - libprotobuf=3.10.1=hd408876_0
  - libstdcxx-ng=9.1.0=hdf63c60_0
  - markdown=3.1.1=py36_0
  - mkl=2019.4=243
  - mkl-service=2.3.0=py36he904b0f_0
  - mkl_fft=1.0.15=py36ha843d7b_0
  - mkl_random=1.1.0=py36hd6b4f25_0
  - ncurses=6.1=he6710b0_1
  - numpy=1.17.4=py36hc1035e2_0
  - numpy-base=1.17.4=py36hde5b4d6_0
  - openssl=1.1.1d=h7b6447c_3
  - pip=19.3.1=py36_0
  - protobuf=3.10.1=py36he6710b0_0
  - python=3.6.9=h265db76_0
  - readline=7.0=h7b6447c_5
  - setuptools=42.0.2=py36_0
  - six=1.13.0=py36_0
  - sqlite=3.30.1=h7b6447c_0
  - tensorflow-gpu=1.3.0=0
  - tensorflow-gpu-base=1.3.0=py36cuda8.0cudnn6.0_1
  - tensorflow-tensorboard=1.5.1=py36hf484d3e_1
  - tk=8.6.8=hbc83047_0
  - werkzeug=0.16.0=py_0
  - wheel=0.33.6=py36_0
  - xz=5.2.4=h14c3975_4
  - zlib=1.2.11=h7b6447c_3
  - pip:
    - cycler==0.10.0
    - joblib==0.14.0
    - kiwisolver==1.1.0
    - lmdb==0.98
    - matplotlib==3.1.2
    - pillow==6.2.1
    - pyparsing==2.4.5
    - python-dateutil==2.8.1
    - scikit-learn==0.22
    - scipy==1.2.0
    - sklearn==0.0
    - tqdm==4.40.0
prefix: /home/ytliou/conda/envs/MMDGAN

